p=pi;
u=(4*(p)*10^(-7));
w=2*p*50;
A=((u*p)/2)*(400*1000*(1.25^2)*0.39 ...
    )

d=[28, 23, 20, 17, 11, 8, 7, 6, 4, 3, 2, 1, 0, 1, 2, 3, 4, 5, 6, 7, 8, 10, 12, 15, 17, 20, 24, 29];
R=6.50;

Xesp = (1/R)*(1+(d/R).^(2)).^(-3/2);

Vob = [0.002, 0.004, 0.007, 0.011, 0.033, 0.066, 0.111, 0.141, 0.205, 0.242, 0.278, 0.282, 0.296, 0.283, 0.253, 0.222, 0.184, 0.144, 0.114, 0.092, 0.072, 0.047, 0.032, 0.018, 0.013, 0.008, 0.005, 0.002];

V = (A*w*Xesp)/100;

ve=[0.0027, 0.0047, 0.0069, 0.0106, 0.0306, 0.0583, 0.0733, 0.0923, 0.1437, 0.1741, 0.2030, 0.2245, 0.2325, 0.2245, 0.2030, 0.1741, 0.1437, 0.1158, 0.0923, 0.0733, 0.0583, 0.0376, 0.0251, 0.0146, 0.0106, 0.0069, 0.0042, 0.0024];

f = ((ve)/(2*p*A*Xesp))*100